04:45:22 PM,0,4,0,0,0,0
04:45:23 PM,0,4,0,0,0,0
04:45:24 PM,0,4,0,0,0,0
04:45:25 PM,0,4,0,0,0,0
04:45:23 PM,0,4,0,0,0,0
04:45:24 PM,0,4,0,0,0,0
04:45:25 PM,0,4,0,0,0,0
04:45:26 PM,0,4,0,0,0,0
04:45:27 PM,0,4,0,0,0,0
04:45:28 PM,0,4,0,0,0,0
04:45:29 PM,0,4,0,0,0,0
04:45:30 PM,0,4,0,0,0,0
04:45:31 PM,0,4,0,0,0,0
04:45:33 PM,0,4,0,0,0,0
04:45:34 PM,0,4,0,0,0,0
04:45:35 PM,0,4,0,0,0,0
04:45:36 PM,0,4,0,0,0,0
04:45:37 PM,0,4,0,0,0,0
04:45:38 PM,22,4,0,0,0,0
04:45:39 PM,25,4,0,0,0,0
04:45:40 PM,13,4,0,0,0,0
04:45:41 PM,0,4,0,0,0,0
04:45:42 PM,0,4,0,0,0,0
04:45:43 PM,3,4,0,0,0,0
04:45:44 PM,25,4,0,0,0,0
04:45:45 PM,25,4,0,0,0,0
04:45:46 PM,25,4,0,0,0,0
04:45:47 PM,25,4,0,0,0,0
04:45:48 PM,25,4,0,0,0,0
04:45:49 PM,25,4,0,0,0,0
04:45:50 PM,25,4,0,0,0,0
04:45:51 PM,25,4,0,0,0,0
04:45:52 PM,25,4,0,0,0,0
04:45:53 PM,20,4,0,0,0,0
04:45:54 PM,0,4,0,0,0,0
04:45:55 PM,0,4,0,0,0,0
04:45:58 PM,0,4,0,0,0,0
04:45:59 PM,0,4,0,0,0,0
04:46:00 PM,0,4,0,0,0,0
04:46:01 PM,0,4,0,0,0,0
04:46:02 PM,0,4,0,0,0,0
04:46:03 PM,0,4,0,0,0,0
04:46:04 PM,0,4,0,0,0,0
04:46:05 PM,0,4,0,0,0,0
04:46:06 PM,0,4,0,0,0,0
04:46:07 PM,0,4,0,0,0,0
04:46:08 PM,0,4,0,0,0,0
04:46:09 PM,0,4,0,0,0,0
04:46:10 PM,0,4,0,0,0,0
04:46:11 PM,0,4,0,0,0,0
04:46:12 PM,0,4,0,0,0,0
04:46:13 PM,0,4,0,0,0,0
04:46:14 PM,0,4,0,0,0,0
04:46:15 PM,0,4,0,0,0,0
04:46:16 PM,0,4,0,0,0,0
04:46:17 PM,0,4,0,0,0,0
04:46:18 PM,0,4,0,0,0,0
04:46:19 PM,0,4,0,0,0,0
04:46:20 PM,0,4,0,0,0,0
04:46:21 PM,0,4,0,0,0,0
04:46:22 PM,0,4,0,0,0,0
04:46:23 PM,0,4,0,0,0,0
04:46:24 PM,0,4,0,0,0,0
04:46:25 PM,0,4,0,0,0,0
04:46:26 PM,0,4,0,0,0,0
04:46:27 PM,0,4,0,0,0,0
04:46:28 PM,0,4,0,0,0,0
04:46:29 PM,0,4,0,0,0,0
04:46:30 PM,0,4,0,0,0,0
04:46:32 PM,0,4,0,0,0,0
04:46:33 PM,0,4,0,0,0,0
04:46:34 PM,0,4,0,0,0,0
04:46:35 PM,0,4,0,0,0,0
04:46:36 PM,0,4,0,0,0,0
04:46:37 PM,0,4,0,0,0,0
04:46:38 PM,0,4,0,0,0,0
04:46:39 PM,0,4,0,0,0,0
04:46:40 PM,0,4,0,0,0,0
04:46:41 PM,0,4,0,0,0,0
04:46:42 PM,0,4,0,0,0,0
04:46:43 PM,0,4,0,0,0,0
04:46:44 PM,0,4,0,0,0,0
04:46:45 PM,0,4,0,0,0,0
04:46:46 PM,0,4,0,0,0,0
04:46:47 PM,0,4,0,0,0,0
04:46:48 PM,0,4,0,0,0,0
04:46:49 PM,0,4,0,0,0,0
04:46:50 PM,0,4,0,0,0,0
04:46:51 PM,0,4,0,0,0,0
04:46:52 PM,0,4,0,0,0,0
04:46:53 PM,0,4,0,0,0,0
04:46:54 PM,0,4,0,0,0,0
04:46:55 PM,0,4,0,0,0,0
04:46:56 PM,0,4,0,0,0,0
04:46:57 PM,0,4,0,0,0,0
04:46:58 PM,0,4,0,0,0,0
04:46:59 PM,0,4,0,0,0,0
04:47:00 PM,0,4,0,0,0,0
04:47:01 PM,0,4,0,0,0,0
04:47:02 PM,0,4,0,0,0,0
04:47:03 PM,0,4,0,0,0,0
04:47:04 PM,0,4,0,0,0,0
04:47:05 PM,19,4,0,0,0,0
04:47:06 PM,25,4,0,0,0,0
04:47:07 PM,25,4,0,0,0,0
04:47:08 PM,25,4,0,0,0,0
04:47:09 PM,25,4,0,0,0,0
04:47:10 PM,25,4,0,0,0,0
04:47:11 PM,25,4,0,0,0,0
04:47:12 PM,25,4,0,0,0,0
04:47:13 PM,25,4,0,0,0,0
04:47:14 PM,25,4,0,0,0,0
04:47:15 PM,4,4,0,0,0,0
04:47:16 PM,0,4,0,0,0,0
04:47:17 PM,0,4,0,0,0,0
04:47:18 PM,0,4,0,0,0,0
04:47:19 PM,0,4,0,0,0,0
04:47:20 PM,0,4,0,0,0,0
04:47:21 PM,0,4,0,0,0,0
04:47:22 PM,36,4,0,0,0,0
04:47:23 PM,50,4,0,0,0,0
04:47:24 PM,50,4,0,0,0,0
04:47:25 PM,50,4,0,0,0,0
04:47:26 PM,50,4,0,0,0,0
04:47:27 PM,50,4,0,0,0,0
04:47:28 PM,50,4,0,0,0,0
04:47:29 PM,50,4,0,0,0,0
04:47:30 PM,50,4,0,0,0,0
04:47:31 PM,50,4,0,0,0,0
04:47:32 PM,9,4,0,0,0,0
04:47:33 PM,0,4,0,0,0,0
04:47:34 PM,0,4,0,0,0,0
04:47:35 PM,0,4,0,0,0,0
04:47:36 PM,0,4,0,0,0,0
04:47:37 PM,54,4,0,0,0,0
04:47:38 PM,75,4,0,0,0,0
04:47:39 PM,75,4,0,0,0,0
04:47:40 PM,75,4,0,0,0,0
04:47:41 PM,75,4,0,0,0,0
04:47:42 PM,75,4,0,0,0,0
04:47:43 PM,75,4,0,0,0,0
04:47:44 PM,75,4,0,0,0,0
04:47:45 PM,75,4,0,0,0,0
04:47:46 PM,75,4,0,0,0,0
04:47:47 PM,10,4,0,0,0,0
04:47:48 PM,0,4,0,0,0,0
04:47:49 PM,0,4,0,0,0,0
04:47:50 PM,0,4,0,0,0,0
04:47:51 PM,0,4,0,0,0,0
04:47:52 PM,43,4,0,0,0,0
04:47:53 PM,100,4,0,0,0,0
04:47:54 PM,100,4,0,0,0,0
04:47:55 PM,100,4,0,0,0,0
04:47:56 PM,100,4,0,0,0,0
04:47:57 PM,100,4,0,0,0,0
04:47:58 PM,100,4,0,0,0,0
04:47:59 PM,100,4,0,0,0,0
04:48:00 PM,100,4,0,0,0,0
04:48:01 PM,100,4,0,0,0,0
04:48:02 PM,46,4,0,0,0,0
04:48:03 PM,0,4,0,0,0,0
04:48:04 PM,0,4,0,0,0,0
04:48:05 PM,0,4,0,0,0,0
04:48:06 PM,0,4,0,0,0,0
04:48:07 PM,0,4,0,0,0,0
04:48:08 PM,0,4,0,0,0,0
04:48:09 PM,0,4,0,0,0,0
04:48:10 PM,0,4,0,0,0,0
04:48:11 PM,0,4,0,0,0,0
04:48:12 PM,0,4,0,0,0,0
04:48:14 PM,0,4,0,0,0,0
04:48:15 PM,0,4,0,0,0,0
04:48:16 PM,0,4,0,0,0,0
04:48:17 PM,0,4,0,0,0,0
04:48:18 PM,0,4,0,0,0,0
04:48:19 PM,0,4,0,0,0,0
04:48:20 PM,0,4,0,0,0,0
04:48:21 PM,0,4,0,0,0,0
04:48:22 PM,0,4,0,0,0,0
04:48:23 PM,0,4,0,0,0,0
04:48:24 PM,0,4,0,0,0,0
04:48:25 PM,1,4,0,0,0,0
04:48:26 PM,0,4,0,0,0,0
04:48:27 PM,0,4,0,0,0,0
04:48:28 PM,0,4,0,0,0,0
04:48:29 PM,0,4,0,0,0,0
04:48:30 PM,0,4,0,0,0,0
04:48:31 PM,0,4,0,0,0,0
04:48:32 PM,0,4,0,0,0,0
04:48:33 PM,0,4,0,0,0,0
04:48:34 PM,18,4,0,0,0,0
04:48:35 PM,25,6,0,0,0,0
04:48:36 PM,25,7,0,0,0,0
04:48:37 PM,25,9,0,0,0,0
04:48:38 PM,25,6,0,0,0,0
04:48:39 PM,25,9,0,0,0,0
04:48:40 PM,25,10,0,0,0,0
04:48:41 PM,25,5,0,0,0,0
04:48:42 PM,25,8,0,0,0,0
04:48:43 PM,25,10,0,0,0,0
04:48:44 PM,25,4,0,0,0,0
04:48:45 PM,25,6,0,0,0,0
04:48:46 PM,25,10,0,0,0,0
04:48:47 PM,25,6,0,0,0,0
04:48:48 PM,25,8,0,0,0,0
04:48:49 PM,25,10,0,0,0,0
04:48:50 PM,25,5,0,0,0,0
04:48:51 PM,25,7,0,0,0,0
04:48:52 PM,25,9,0,0,0,0
04:48:53 PM,25,4,0,0,0,0
04:48:54 PM,24,8,0,0,0,0
04:48:55 PM,25,9,0,0,0,0
04:48:56 PM,25,5,0,0,0,0
04:48:57 PM,25,7,0,0,0,0
04:48:58 PM,25,10,0,0,0,0
04:48:59 PM,25,5,0,0,0,0
04:49:00 PM,25,7,0,0,0,0
04:49:01 PM,25,9,0,0,0,0
04:49:02 PM,25,5,0,0,0,0
04:49:03 PM,25,8,0,0,0,0
04:49:04 PM,25,10,0,0,0,0
04:49:05 PM,25,4,0,0,0,0
04:49:06 PM,25,7,0,0,0,0
04:49:07 PM,25,10,0,0,0,0
04:49:08 PM,25,4,0,0,0,0
04:49:09 PM,25,6,0,0,0,0
04:49:10 PM,25,9,0,0,0,0
04:49:11 PM,25,5,0,0,0,0
04:49:12 PM,3,4,0,0,0,0
04:49:13 PM,0,4,0,0,0,0
04:49:14 PM,0,4,0,0,0,0
04:49:15 PM,0,4,0,0,0,0
04:49:16 PM,34,4,0,0,0,0
04:49:17 PM,50,4,0,0,0,0
04:49:18 PM,50,5,0,0,0,0
04:49:19 PM,50,8,0,0,0,0
04:49:20 PM,50,9,0,0,0,0
04:49:21 PM,50,9,0,0,0,0
04:49:22 PM,50,10,0,0,0,0
04:49:23 PM,50,8,0,0,0,0
04:49:24 PM,50,10,0,0,0,0
04:49:25 PM,50,10,0,0,0,0
04:49:26 PM,14,4,0,0,0,0
04:49:27 PM,0,4,0,0,0,0
04:49:28 PM,0,4,0,0,0,0
04:49:29 PM,0,4,0,0,0,0
04:49:30 PM,0,4,0,0,0,0
04:49:31 PM,0,4,0,0,0,0
04:49:32 PM,0,4,0,0,0,0
04:49:33 PM,0,4,0,0,0,0
04:49:34 PM,1,4,0,0,0,0
04:49:35 PM,3,4,0,0,0,0
04:49:36 PM,75,4,0,0,0,0
04:49:37 PM,75,17,0,0,0,0
04:49:38 PM,75,23,0,0,0,0
04:49:39 PM,75,5,0,0,0,0
04:49:40 PM,75,8,0,0,0,0
04:49:41 PM,75,24,0,0,0,0
04:49:43 PM,75,21,0,0,0,0
04:49:44 PM,75,22,0,0,0,0
04:49:45 PM,75,19,0,0,0,0
04:49:46 PM,64,4,0,0,0,0
04:49:47 PM,0,4,0,0,0,0
04:49:48 PM,0,4,0,0,0,0
04:49:49 PM,0,4,0,0,0,0
04:49:50 PM,0,4,0,0,0,0
04:49:51 PM,88,25,0,0,0,0
04:49:52 PM,100,19,0,0,0,0
04:49:53 PM,100,15,0,0,0,0
04:49:54 PM,100,9,0,0,0,0
04:49:55 PM,100,10,0,0,0,0
04:49:56 PM,100,24,0,0,0,0
04:49:57 PM,100,25,0,0,0,0
04:49:58 PM,100,20,0,0,0,0
04:49:59 PM,100,17,0,0,0,0
04:50:00 PM,100,8,0,0,0,0
04:50:01 PM,3,4,0,0,0,0
04:50:02 PM,0,4,0,0,0,0
04:50:03 PM,0,4,0,0,0,0
04:50:04 PM,0,4,0,0,0,0
04:50:05 PM,0,4,0,0,0,0
04:50:06 PM,0,4,0,0,0,0
04:50:07 PM,0,4,0,0,0,0
04:50:08 PM,0,4,0,0,0,0
04:50:09 PM,0,4,0,0,0,0
04:50:10 PM,0,4,0,0,0,0
04:50:11 PM,0,4,0,0,0,0
04:50:12 PM,0,4,0,0,0,0
04:50:13 PM,0,4,0,0,0,0
04:50:14 PM,0,4,0,0,0,0
04:50:15 PM,0,4,0,0,0,0
04:50:16 PM,0,4,0,0,0,0
04:50:17 PM,0,4,0,0,0,0
04:50:18 PM,0,4,0,0,0,0
04:50:19 PM,23,4,0,0,0,0
04:50:20 PM,25,4,0,0,0,0
04:50:21 PM,25,4,0,0,0,0
04:50:22 PM,25,4,0,0,0,0
04:50:23 PM,25,4,0,0,0,0
04:50:24 PM,24,4,0,0,0,0
04:50:25 PM,25,4,0,0,0,0
04:50:26 PM,25,4,0,0,0,0
04:50:27 PM,25,4,0,0,0,0
04:50:28 PM,24,4,0,0,0,0
04:50:29 PM,0,4,0,0,0,0
04:50:30 PM,0,4,0,0,0,0
04:50:31 PM,0,4,0,0,0,0
04:50:32 PM,1,4,0,0,0,0
04:50:33 PM,25,4,0,0,0,0
04:50:34 PM,25,4,0,0,0,0
04:50:35 PM,25,4,0,0,0,0
04:50:36 PM,25,4,0,0,0,0
04:50:37 PM,25,4,0,0,0,0
04:50:38 PM,25,4,0,0,0,0
04:50:39 PM,25,4,0,0,0,0
04:50:40 PM,25,4,0,0,0,0
04:50:41 PM,25,4,0,0,0,0
04:50:42 PM,20,4,0,0,0,0
04:50:43 PM,0,4,0,0,0,0
04:50:44 PM,0,4,0,0,0,0
04:50:45 PM,0,4,0,0,0,0
04:50:46 PM,0,4,0,0,0,0
04:50:47 PM,0,4,0,0,0,0
04:50:48 PM,0,4,0,0,0,0
04:50:49 PM,0,4,0,0,0,0
04:50:50 PM,12,7,0,0,0,0
04:50:51 PM,25,10,0,0,0,0
04:50:52 PM,25,5,0,0,0,0
04:50:53 PM,25,7,0,0,0,0
04:50:54 PM,25,5,0,0,0,0
04:50:55 PM,25,7,0,0,0,0
04:50:56 PM,25,9,0,0,0,0
04:50:57 PM,25,4,0,0,0,0
04:50:58 PM,25,10,0,0,0,0
04:50:59 PM,25,6,0,0,0,0
04:51:00 PM,12,4,0,0,0,0
04:51:01 PM,0,4,0,0,0,0
04:51:02 PM,0,4,0,0,0,0
04:51:03 PM,0,4,0,0,0,0
04:51:04 PM,0,4,0,0,0,0
04:51:05 PM,24,25,0,0,0,0
04:51:06 PM,25,34,0,0,0,0
04:51:07 PM,25,44,0,0,0,0
04:51:08 PM,25,54,0,0,0,0
04:51:09 PM,25,31,0,0,0,0
04:51:10 PM,25,11,0,0,0,0
04:51:12 PM,25,21,0,0,0,0
04:51:13 PM,25,30,0,0,0,0
04:51:14 PM,25,48,0,0,0,0
04:51:15 PM,25,54,0,0,0,0
04:51:16 PM,18,4,0,0,0,0
04:51:17 PM,0,4,0,0,0,0
04:51:18 PM,0,4,0,0,0,0
04:51:19 PM,0,4,0,0,0,0
04:51:20 PM,0,4,0,0,0,0
04:51:21 PM,0,4,0,0,0,0
04:51:22 PM,1,4,0,0,0,0
04:51:23 PM,0,4,0,0,0,0
04:51:24 PM,0,4,0,0,0,0
04:51:25 PM,0,4,0,0,0,0
04:51:26 PM,0,4,0,0,0,0
04:51:27 PM,0,4,0,0,0,0
04:51:28 PM,0,4,0,0,0,0
04:51:29 PM,1,4,0,0,0,0
04:51:30 PM,0,4,0,0,0,0
04:51:31 PM,0,4,0,0,0,0
04:51:32 PM,0,4,0,0,0,0
04:51:33 PM,0,4,0,0,0,0
04:51:34 PM,0,4,0,0,0,0
04:51:35 PM,24,24,0,0,0,0
04:51:36 PM,25,35,0,0,0,0
04:51:37 PM,25,44,0,0,0,0
04:51:38 PM,25,54,0,0,0,0
04:51:39 PM,25,72,0,0,0,0
04:51:40 PM,25,74,0,0,0,0
04:51:41 PM,25,5,0,0,0,0
04:51:42 PM,25,13,0,0,0,0
04:51:43 PM,25,32,0,0,0,0
04:51:44 PM,25,40,0,0,0,0
04:51:45 PM,13,4,0,0,0,0
04:51:46 PM,0,4,0,0,0,0
04:51:47 PM,0,4,0,0,0,0
04:51:48 PM,0,4,0,0,0,0
04:51:49 PM,0,4,0,0,0,0
04:51:50 PM,0,4,0,0,0,0
04:51:51 PM,0,4,0,0,0,0
04:51:52 PM,0,4,0,0,0,0
04:51:53 PM,21,22,0,0,0,0
04:51:54 PM,25,32,0,0,0,0
04:51:55 PM,25,42,0,0,0,0
04:51:56 PM,25,51,0,0,0,0
04:51:57 PM,25,70,0,0,0,0
04:51:58 PM,25,81,0,0,0,0
04:51:59 PM,25,90,0,0,0,0
04:52:00 PM,36,97,0,0,2,0
04:52:05 PM,29,4,0,0,85,5
04:52:06 PM,0,4,0,0,0,0
04:52:07 PM,0,4,0,0,0,0
04:52:08 PM,0,4,0,0,0,0
04:52:09 PM,0,4,0,0,0,0
04:52:10 PM,0,4,0,0,0,0
04:52:11 PM,0,4,0,0,0,0
04:52:12 PM,1,4,0,0,0,0
04:52:13 PM,50,24,0,0,0,0
04:52:14 PM,50,40,0,0,0,0
04:52:15 PM,50,56,0,0,0,0
04:52:16 PM,50,80,0,0,0,0
04:52:17 PM,50,97,0,0,0,0
04:52:22 PM,29,32,0,0,76,7
04:52:23 PM,14,3,0,0,0,6
04:52:24 PM,0,3,0,0,0,0
04:52:25 PM,0,3,0,0,0,0
04:52:26 PM,0,3,0,0,0,0
04:52:27 PM,0,3,0,0,0,0
04:52:28 PM,0,3,0,0,0,0
04:52:29 PM,40,22,0,0,0,1
04:52:30 PM,75,44,0,0,0,0
04:52:31 PM,75,65,0,0,0,0
04:52:32 PM,75,63,0,0,0,0
04:52:33 PM,75,18,0,0,0,0
04:52:34 PM,75,39,0,0,0,0
04:52:36 PM,75,59,0,0,0,0
04:52:37 PM,75,58,0,0,0,0
04:52:38 PM,75,16,0,0,0,0
04:52:39 PM,75,37,0,0,0,0
04:52:40 PM,43,3,0,0,0,0
04:52:41 PM,0,3,0,0,0,0
04:52:42 PM,0,3,0,0,0,0
04:52:43 PM,0,3,0,0,0,0
04:52:44 PM,0,3,0,0,0,0
04:52:45 PM,0,3,0,0,0,0
04:52:46 PM,0,3,0,0,0,0
04:52:47 PM,84,24,0,0,0,0
04:52:48 PM,100,48,0,0,0,0
04:52:49 PM,100,72,0,0,0,1
04:52:50 PM,100,98,0,0,0,1
04:53:02 PM,15,25,0,0,139,8
04:53:03 PM,25,16,0,0,0,6
04:53:04 PM,6,2,0,0,0,1
04:53:05 PM,0,2,0,0,0,0
04:53:06 PM,0,2,0,0,0,0
04:53:07 PM,0,2,0,0,0,0
04:53:08 PM,0,2,0,0,0,0
04:53:09 PM,0,2,0,0,0,0
04:53:10 PM,0,2,0,0,0,0
04:53:11 PM,0,2,0,0,0,0
04:53:12 PM,0,2,0,0,0,0
04:53:13 PM,0,2,0,0,0,0
04:53:14 PM,0,2,0,0,0,0
04:53:15 PM,0,2,0,0,0,0
04:53:16 PM,0,2,0,0,0,0
04:53:17 PM,0,2,0,0,0,0
04:53:18 PM,0,2,0,0,0,0
04:53:19 PM,0,2,0,0,0,0
04:53:20 PM,0,2,0,0,0,0
04:53:21 PM,0,2,0,0,0,0
04:53:22 PM,0,2,0,0,0,0
04:53:23 PM,0,2,0,0,0,0
04:53:24 PM,0,2,0,0,0,0
04:53:25 PM,0,2,0,0,0,0
04:53:26 PM,0,2,0,0,0,0
04:53:27 PM,0,2,0,0,0,0
04:53:28 PM,0,2,0,0,0,0
04:53:29 PM,0,2,0,0,0,0
04:53:30 PM,0,2,0,0,0,0
04:53:31 PM,0,2,0,0,0,0
04:53:32 PM,0,2,0,0,0,0
04:53:33 PM,1,2,0,0,0,0
04:53:34 PM,0,2,0,0,0,0
04:53:35 PM,0,2,0,0,0,0
04:53:36 PM,0,2,0,0,0,0
04:53:37 PM,0,2,0,0,0,0
04:53:38 PM,0,2,0,0,0,0
04:53:39 PM,0,2,0,0,0,0
04:53:40 PM,0,2,0,0,0,0
04:53:41 PM,0,2,0,0,0,0
04:53:42 PM,0,2,0,0,0,0
04:53:44 PM,0,2,0,0,0,0
04:53:45 PM,0,2,0,0,0,0
04:53:46 PM,0,2,0,0,0,0
04:53:47 PM,0,2,0,0,0,0
04:53:48 PM,0,2,0,0,0,0
04:53:49 PM,0,2,0,0,0,0
04:53:50 PM,0,2,0,0,0,0
04:53:51 PM,0,2,0,0,0,0
04:53:52 PM,0,2,0,0,0,0
04:53:53 PM,0,2,0,0,0,0
04:53:54 PM,1,3,0,0,0,2
04:53:55 PM,0,3,0,0,0,0
04:53:56 PM,0,3,0,0,0,0
04:53:57 PM,0,3,0,0,0,0
04:53:58 PM,0,3,0,0,0,0
04:53:59 PM,0,3,0,0,0,0
04:54:00 PM,0,3,0,0,0,1
04:54:01 PM,0,3,0,0,0,0
04:54:02 PM,0,3,0,0,0,0
04:54:03 PM,0,3,0,0,0,0
04:54:04 PM,0,3,0,0,0,0
04:54:05 PM,0,3,0,0,0,0
04:54:06 PM,0,3,0,0,0,0
04:54:07 PM,26,11,0,0,0,0
04:54:08 PM,100,9,0,0,0,0
04:54:09 PM,100,4,0,0,0,0
04:54:10 PM,41,3,0,0,0,0
04:54:11 PM,0,3,0,0,0,0
04:54:12 PM,0,3,0,0,0,0
04:54:13 PM,77,23,0,0,0,0
04:54:14 PM,100,47,0,0,0,0
04:54:15 PM,100,71,0,0,0,0
04:54:16 PM,100,98,0,0,0,0
04:54:21 PM,30,48,0,0,77,10
04:54:22 PM,26,3,0,0,0,2
04:54:23 PM,0,3,0,0,0,0
04:54:24 PM,0,3,0,0,0,0
04:54:25 PM,0,3,0,0,0,0
04:54:26 PM,0,3,0,0,0,0
04:54:27 PM,0,3,0,0,0,0
04:54:28 PM,0,3,0,0,0,0
04:54:29 PM,0,3,0,0,0,0
04:54:30 PM,0,3,0,0,0,0
04:54:31 PM,0,3,0,0,0,0
04:54:32 PM,0,3,0,0,0,0
04:54:33 PM,0,3,0,0,0,0
04:54:34 PM,0,3,0,0,0,0
04:54:35 PM,0,3,0,0,0,0
04:54:36 PM,0,3,0,0,0,0
04:54:37 PM,0,3,0,0,0,0
04:54:38 PM,0,3,0,0,0,0
04:54:39 PM,0,3,0,0,0,0
04:54:40 PM,0,3,0,0,0,0
04:54:41 PM,0,3,0,0,0,0
04:54:42 PM,0,3,0,0,0,0
04:54:43 PM,0,3,0,0,0,0
04:54:44 PM,0,3,0,0,0,0
04:54:45 PM,24,3,0,0,0,1
04:54:46 PM,91,3,0,0,7,0
04:54:47 PM,43,3,0,0,23,0
04:54:48 PM,17,3,0,0,23,0
04:54:49 PM,6,3,0,0,22,0
04:54:50 PM,9,3,0,0,24,0
04:54:51 PM,6,3,0,0,24,0
04:54:52 PM,3,3,0,0,24,0
04:54:53 PM,2,3,0,0,24,0
04:54:54 PM,1,3,0,0,25,0
04:54:55 PM,30,3,0,0,23,0
04:54:56 PM,7,3,0,0,7,0
04:54:57 PM,0,3,0,0,0,0
04:54:58 PM,0,3,0,0,0,0
04:54:59 PM,0,3,0,0,0,0
04:55:00 PM,0,3,0,0,0,0
04:55:01 PM,0,3,0,0,0,0
04:55:02 PM,0,3,0,0,0,0
04:55:04 PM,0,3,0,0,0,0
04:55:05 PM,0,3,0,0,0,0
04:55:06 PM,0,3,0,0,0,0
04:55:07 PM,0,3,0,0,0,0
04:55:08 PM,0,3,0,0,0,0
04:55:09 PM,0,3,0,0,0,0
04:55:10 PM,0,3,0,0,0,0
04:55:11 PM,0,3,0,0,0,0
04:55:12 PM,0,3,0,0,0,0
04:55:13 PM,0,3,0,0,0,0
04:55:14 PM,0,3,0,0,0,0
04:55:15 PM,1,3,0,0,0,0
04:55:16 PM,0,3,0,0,0,0
04:55:17 PM,0,3,0,0,0,0
04:55:18 PM,0,3,0,0,0,0
04:55:19 PM,0,3,0,0,0,0
04:55:20 PM,0,3,0,0,0,0
04:55:21 PM,1,3,0,0,0,1
04:55:22 PM,0,3,0,0,0,0
04:55:23 PM,0,3,0,0,0,0
04:55:24 PM,0,3,0,0,0,0
04:55:25 PM,0,3,0,0,0,0
04:55:26 PM,0,3,0,0,0,0
04:55:27 PM,0,3,0,0,0,0
04:55:28 PM,0,3,0,0,0,0
04:55:29 PM,0,3,0,0,0,0
04:55:30 PM,0,3,0,0,0,0
04:55:31 PM,0,3,0,0,0,0
04:55:32 PM,0,3,0,0,0,0
04:55:33 PM,2,3,0,0,0,1
04:55:34 PM,0,3,0,0,0,0
04:55:35 PM,0,3,0,0,0,0
04:55:36 PM,0,3,0,0,0,0
04:55:37 PM,0,3,0,0,0,0
04:55:38 PM,0,3,0,0,0,0
04:55:39 PM,0,3,0,0,0,0
04:55:40 PM,0,3,0,0,0,0
04:55:41 PM,0,3,0,0,0,0
04:55:42 PM,0,3,0,0,0,0
04:55:43 PM,0,3,0,0,0,0
04:55:44 PM,0,3,0,0,0,0
04:55:45 PM,0,3,0,0,0,0
04:55:46 PM,0,3,0,0,0,0
04:55:47 PM,0,3,0,0,0,0
04:55:48 PM,0,3,0,0,0,0
04:55:49 PM,0,3,0,0,0,0
04:55:50 PM,0,3,0,0,0,0
04:55:51 PM,0,3,0,0,0,0
04:55:52 PM,1,3,0,0,0,0
04:55:53 PM,1,3,0,0,0,1
04:55:54 PM,0,3,0,0,0,0
04:55:55 PM,0,3,0,0,0,0
04:55:56 PM,0,3,0,0,0,0
04:55:57 PM,0,3,0,0,0,0
04:55:58 PM,0,3,0,0,0,0
04:55:59 PM,0,3,0,0,0,0
04:56:00 PM,0,3,0,0,0,0
04:56:01 PM,0,3,0,0,0,0
04:56:02 PM,0,3,0,0,0,0
04:56:03 PM,0,3,0,0,0,0
04:56:04 PM,0,3,0,0,0,0
04:56:05 PM,0,3,0,0,0,0
04:56:06 PM,0,3,0,0,0,0
04:56:07 PM,0,3,0,0,0,0
04:56:08 PM,0,3,0,0,0,0
04:56:09 PM,0,3,0,0,0,0
04:56:10 PM,0,3,0,0,0,0
04:56:11 PM,0,3,0,0,0,0
04:56:12 PM,0,3,0,0,0,0
04:56:13 PM,0,3,0,0,0,0
04:56:14 PM,0,3,0,0,0,0
04:56:15 PM,0,3,0,0,0,0
04:56:16 PM,0,3,0,0,0,0
04:56:17 PM,0,3,0,0,0,0
04:56:18 PM,0,3,0,0,0,0
04:56:19 PM,0,3,0,0,0,0
04:56:20 PM,0,3,0,0,0,0
04:56:21 PM,0,3,0,0,0,0
04:56:22 PM,0,3,0,0,0,0
04:56:23 PM,0,3,0,0,0,0
04:56:24 PM,0,3,0,0,0,0
04:56:25 PM,0,3,0,0,0,0
04:56:26 PM,0,3,0,0,0,0
04:56:27 PM,0,3,0,0,0,0
04:56:28 PM,0,3,0,0,0,0
04:56:29 PM,1,3,0,0,0,0
04:56:30 PM,0,3,0,0,0,0
04:56:31 PM,0,3,0,0,0,0
04:56:32 PM,0,3,0,0,0,0
04:56:33 PM,0,3,0,0,0,0
04:56:34 PM,0,3,0,0,0,0
04:56:35 PM,0,3,0,0,0,0
04:56:36 PM,0,3,0,0,0,0
04:56:38 PM,0,3,0,0,0,0
04:56:39 PM,0,3,0,0,0,0
04:56:40 PM,0,3,0,0,0,0
04:56:41 PM,0,3,0,0,0,0
04:56:42 PM,0,3,0,0,0,0
04:56:43 PM,0,3,0,0,0,0
04:56:44 PM,0,3,0,0,0,0
04:56:45 PM,0,3,0,0,0,0
04:56:46 PM,0,3,0,0,0,0
04:56:47 PM,0,3,0,0,0,0
04:56:48 PM,0,3,0,0,0,0
04:56:49 PM,0,3,0,0,0,0
04:56:50 PM,0,3,0,0,0,0
04:56:51 PM,0,3,0,0,0,0
04:56:52 PM,0,3,0,0,0,0
04:56:53 PM,0,3,0,0,0,0
04:56:54 PM,0,3,0,0,0,0
04:56:55 PM,0,3,0,0,0,0
04:56:56 PM,0,3,0,0,0,0
04:56:57 PM,0,3,0,0,0,0
04:56:58 PM,0,3,0,0,0,0
04:56:59 PM,0,3,0,0,0,0
04:57:00 PM,0,3,0,0,0,0
04:57:01 PM,0,3,0,0,0,0
04:57:02 PM,1,3,0,0,0,0
04:57:03 PM,0,3,0,0,0,0
04:57:04 PM,0,3,0,0,0,0
04:57:05 PM,0,3,0,0,0,0
04:57:06 PM,3,3,0,0,0,1
04:57:07 PM,0,3,0,0,0,0
04:57:08 PM,0,3,0,0,0,0
04:57:09 PM,0,3,0,0,0,0
04:57:10 PM,0,3,0,0,0,0
04:57:11 PM,0,3,0,0,0,0
04:57:12 PM,0,3,0,0,0,0
04:57:13 PM,0,3,0,0,0,0
04:57:14 PM,0,3,0,0,0,0
04:57:15 PM,0,3,0,0,0,0
04:57:16 PM,0,3,0,0,0,0
04:57:17 PM,0,3,0,0,0,0
04:57:18 PM,8,3,0,0,0,0
04:57:19 PM,25,3,0,0,0,0
04:57:20 PM,25,3,0,0,0,0
04:57:21 PM,25,3,0,0,0,0
04:57:22 PM,25,3,0,0,0,0
04:57:23 PM,25,3,0,0,0,0
04:57:24 PM,25,3,0,0,0,0
04:57:25 PM,25,3,0,0,0,0
04:57:26 PM,25,3,0,0,0,0
04:57:27 PM,25,3,0,0,0,0
04:57:28 PM,25,3,0,0,0,0
04:57:29 PM,25,3,0,0,0,0
04:57:30 PM,25,3,0,0,0,0
04:57:31 PM,25,3,0,0,0,0
04:57:32 PM,25,3,0,0,0,0
04:57:33 PM,25,3,0,0,0,0
04:57:34 PM,25,3,0,0,0,0
04:57:35 PM,25,3,0,0,0,0
04:57:36 PM,25,3,0,0,0,0
04:57:37 PM,25,3,0,0,0,0
04:57:38 PM,25,3,0,0,0,0
04:57:39 PM,25,3,0,0,0,0
04:57:40 PM,25,3,0,0,0,0
04:57:41 PM,25,3,0,0,0,0
04:57:42 PM,17,3,0,0,7,0
04:57:43 PM,0,3,0,0,4,0
04:57:44 PM,0,3,0,0,0,0
04:57:45 PM,0,3,0,0,0,0
04:57:46 PM,0,3,0,0,0,0
04:57:47 PM,0,3,0,0,0,0
04:57:48 PM,1,3,0,0,0,0
04:57:49 PM,0,3,0,0,0,0
04:57:50 PM,0,3,0,0,0,0
04:57:51 PM,0,3,0,0,0,0
04:57:52 PM,0,3,0,0,0,0
04:57:53 PM,3,3,0,0,0,7
04:57:54 PM,0,3,0,0,0,0
04:57:55 PM,0,3,0,0,0,0
04:57:56 PM,0,3,0,0,0,0
04:57:57 PM,0,3,0,0,0,0
04:57:58 PM,0,3,0,0,0,0
04:57:59 PM,0,3,0,0,0,0
04:58:00 PM,0,3,0,0,0,0
04:58:01 PM,0,3,0,0,0,0
04:58:02 PM,0,3,0,0,0,0
04:58:03 PM,0,3,0,0,0,0
04:58:04 PM,0,3,0,0,0,0
04:58:05 PM,0,3,0,0,0,0
04:58:06 PM,0,3,0,0,0,0
04:58:07 PM,0,3,0,0,0,0
04:58:08 PM,0,3,0,0,0,0
04:58:09 PM,0,3,0,0,0,0
04:58:10 PM,0,3,0,0,0,0
04:58:11 PM,0,3,0,0,0,0
04:58:12 PM,0,3,0,0,0,0
04:58:13 PM,0,3,0,0,0,0
04:58:14 PM,0,3,0,0,0,0
04:58:15 PM,0,3,0,0,0,0
04:58:16 PM,0,3,0,0,0,0
04:58:18 PM,0,3,0,0,0,0
04:58:19 PM,0,3,0,0,0,0
04:58:20 PM,0,3,0,0,0,0
04:58:21 PM,0,3,0,0,0,0
04:58:22 PM,0,3,0,0,0,0
04:58:23 PM,0,3,0,0,0,0
04:58:24 PM,0,3,0,0,0,0
04:58:25 PM,0,3,0,0,0,0
04:58:26 PM,0,3,0,0,0,0
04:58:27 PM,0,3,0,0,0,0
04:58:28 PM,0,3,0,0,0,0
04:58:29 PM,0,3,0,0,0,0
04:58:30 PM,0,3,0,0,0,0
04:58:31 PM,0,3,0,0,0,0
04:58:32 PM,0,3,0,0,0,0
04:58:33 PM,0,3,0,0,0,0
04:58:34 PM,0,3,0,0,0,0
04:58:35 PM,0,3,0,0,0,0
04:58:36 PM,0,3,0,0,0,0
04:58:37 PM,0,3,0,0,0,0
04:58:38 PM,0,3,0,0,0,0
04:58:39 PM,0,3,0,0,0,0
04:58:40 PM,0,3,0,0,0,0
04:58:41 PM,16,8,0,0,0,0
04:58:42 PM,25,8,0,0,0,0
04:58:43 PM,25,8,0,0,0,0
04:58:44 PM,25,8,0,0,0,0
04:58:45 PM,25,8,0,0,0,0
04:58:46 PM,25,8,0,0,0,0
04:58:47 PM,25,8,0,0,0,0
04:58:48 PM,25,8,0,0,0,0
04:58:49 PM,25,8,0,0,0,0
04:58:50 PM,25,8,0,0,0,0
04:58:51 PM,25,8,0,0,0,0
04:58:52 PM,25,8,0,0,0,0
04:58:53 PM,25,8,0,0,0,0
04:58:54 PM,25,8,0,0,0,0
04:58:55 PM,25,8,0,0,0,0
04:58:56 PM,25,8,0,0,0,0
04:58:57 PM,25,8,0,0,0,0
04:58:58 PM,25,8,0,0,0,0
04:58:59 PM,11,3,0,0,0,0
04:59:00 PM,0,3,0,0,0,0
04:59:01 PM,0,3,0,0,0,0
04:59:02 PM,0,3,0,0,0,0
04:59:03 PM,0,3,0,0,0,0
04:59:04 PM,0,3,0,0,0,0
04:59:05 PM,0,3,0,0,0,0
04:59:06 PM,0,3,0,0,0,0
04:59:07 PM,0,3,0,0,0,0
04:59:08 PM,0,3,0,0,0,0
04:59:09 PM,0,3,0,0,0,0
04:59:10 PM,0,3,0,0,0,0
04:59:11 PM,0,3,0,0,0,0
04:59:12 PM,0,3,0,0,0,0
04:59:13 PM,0,3,0,0,0,0
04:59:14 PM,0,3,0,0,0,0
04:59:15 PM,0,3,0,0,0,0
04:59:16 PM,0,3,0,0,0,0
04:59:17 PM,0,3,0,0,0,0
04:59:18 PM,0,3,0,0,0,0
04:59:19 PM,0,3,0,0,0,0
04:59:20 PM,0,3,0,0,0,0
04:59:21 PM,1,3,0,0,0,4
04:59:22 PM,0,3,0,0,0,0
04:59:23 PM,0,3,0,0,0,0
04:59:24 PM,0,3,0,0,0,0
04:59:25 PM,0,3,0,0,0,0
04:59:26 PM,3,3,0,0,0,8
04:59:27 PM,4,3,0,0,0,38
04:59:28 PM,19,3,0,0,0,13
04:59:29 PM,25,3,0,0,0,0
04:59:30 PM,25,3,0,0,0,0
04:59:31 PM,15,3,0,0,0,2
04:59:32 PM,0,3,0,0,0,0
04:59:33 PM,0,3,0,0,0,0
04:59:34 PM,0,3,0,0,0,0
04:59:35 PM,0,3,0,0,0,0
04:59:36 PM,0,3,0,0,0,0
04:59:37 PM,0,3,0,0,0,0
04:59:38 PM,0,3,0,0,0,0
04:59:39 PM,0,3,0,0,0,0
04:59:40 PM,0,3,0,0,0,0
04:59:41 PM,0,3,0,0,0,0
04:59:42 PM,0,3,0,0,0,0
04:59:43 PM,0,3,0,0,0,0
04:59:44 PM,0,3,0,0,0,0
04:59:45 PM,0,3,0,0,0,0
04:59:46 PM,0,3,0,0,0,0
04:59:47 PM,0,3,0,0,0,0
04:59:48 PM,0,3,0,0,0,0
04:59:49 PM,0,3,0,0,0,0
04:59:50 PM,0,3,0,0,0,0
04:59:51 PM,0,3,0,0,0,0
04:59:52 PM,0,3,0,0,0,0
04:59:53 PM,0,3,0,0,0,0
04:59:54 PM,0,3,0,0,0,0
04:59:55 PM,0,3,0,0,0,0
04:59:56 PM,0,3,0,0,0,0
04:59:57 PM,0,3,0,0,0,0
04:59:58 PM,0,3,0,0,0,0
05:00:00 PM,0,3,0,0,0,0
05:00:01 PM,0,3,0,0,0,0
05:00:02 PM,0,3,0,0,0,0
05:00:03 PM,0,3,0,0,0,0
05:00:04 PM,0,3,0,0,0,0
05:00:05 PM,0,3,0,0,0,0
05:00:06 PM,0,3,0,0,0,0
05:00:07 PM,0,3,0,0,0,0
05:00:08 PM,0,3,0,0,0,0
05:00:09 PM,0,3,0,0,0,0
05:00:10 PM,0,3,0,0,0,0
05:00:11 PM,0,3,0,0,0,0
05:00:12 PM,0,3,0,0,0,0
05:00:13 PM,0,3,0,0,0,0
05:00:14 PM,1,3,0,0,0,0
05:00:15 PM,0,3,0,0,0,0
05:00:16 PM,0,3,0,0,0,0
05:00:17 PM,0,3,0,0,0,0
05:00:18 PM,0,3,0,0,0,0
05:00:19 PM,0,3,0,0,0,0
05:00:20 PM,0,3,0,0,0,0
05:00:21 PM,0,3,0,0,0,0
05:00:22 PM,0,3,0,0,0,0
05:00:23 PM,0,3,0,0,0,0
05:00:24 PM,0,3,0,0,0,0
05:00:25 PM,0,3,0,0,0,0
05:00:26 PM,0,3,0,0,0,0
05:00:27 PM,0,3,0,0,0,0
05:00:28 PM,0,3,0,0,0,0
05:00:29 PM,0,3,0,0,0,0
05:00:30 PM,0,3,0,0,0,0
05:00:31 PM,0,3,0,0,0,0
05:00:32 PM,0,3,0,0,0,0
05:00:33 PM,0,3,0,0,0,0
05:00:34 PM,0,3,0,0,0,0
05:00:35 PM,0,3,0,0,0,0
05:00:36 PM,0,3,0,0,0,0
05:00:37 PM,0,3,0,0,0,0
05:00:38 PM,0,3,0,0,0,0
05:00:39 PM,0,3,0,0,0,0
05:00:40 PM,0,3,0,0,0,0
05:00:41 PM,0,3,0,0,0,0
05:00:42 PM,0,3,0,0,0,0
05:00:43 PM,0,3,0,0,0,0
05:00:44 PM,0,3,0,0,0,0
05:00:45 PM,0,3,0,0,0,0
05:00:46 PM,0,3,0,0,0,0
05:00:47 PM,0,3,0,0,0,0
05:00:48 PM,0,3,0,0,0,0
05:00:49 PM,0,3,0,0,0,0
05:00:50 PM,0,3,0,0,0,0
05:00:51 PM,0,3,0,0,0,0
05:00:52 PM,0,3,0,0,0,0
05:00:53 PM,0,3,0,0,0,0
05:00:54 PM,0,3,0,0,0,0
05:00:55 PM,0,3,0,0,0,0
05:00:56 PM,0,3,0,0,0,0
05:00:57 PM,3,3,0,0,0,0
05:00:58 PM,7,3,1,0,0,0
05:00:59 PM,5,3,1,0,0,0
05:01:00 PM,4,3,0,0,0,0
05:01:01 PM,3,3,1,0,0,0
05:01:02 PM,4,3,0,0,0,0
05:01:03 PM,8,3,1,0,0,0
05:01:04 PM,7,3,1,0,0,0
05:01:05 PM,5,3,1,0,0,0
05:01:06 PM,4,3,1,0,0,0
05:01:07 PM,5,3,1,0,0,0
05:01:08 PM,4,3,1,0,0,0
05:01:09 PM,0,3,0,0,0,0
05:01:10 PM,0,3,0,0,0,0
05:01:11 PM,0,3,0,0,0,0
05:01:12 PM,0,3,0,0,0,0
05:01:13 PM,0,3,0,0,0,0
05:01:14 PM,0,3,0,0,0,0
05:01:15 PM,0,3,0,0,0,0
05:01:16 PM,0,3,0,0,0,0
05:01:17 PM,0,3,0,0,0,0
05:01:18 PM,0,3,0,0,0,0
05:01:19 PM,0,3,0,0,0,0
05:01:20 PM,0,3,0,0,0,0
05:01:21 PM,0,3,0,0,0,0
05:01:22 PM,0,3,0,0,0,0
05:01:23 PM,0,3,0,0,0,0
05:01:24 PM,0,3,0,0,0,0
05:01:25 PM,0,3,0,0,0,0
05:01:26 PM,0,3,0,0,0,0
05:01:27 PM,0,3,0,0,0,0
05:01:28 PM,2,3,0,0,0,0
05:01:29 PM,8,3,1,0,0,0
05:01:30 PM,6,3,1,0,0,0
05:01:31 PM,6,3,1,0,0,0
05:01:32 PM,5,3,0,0,0,0
05:01:33 PM,4,3,1,0,0,0
05:01:34 PM,2,3,0,0,0,0
05:01:35 PM,5,3,1,0,0,0
05:01:36 PM,2,3,0,0,0,0
05:01:38 PM,6,3,0,0,0,0
05:01:39 PM,6,3,1,0,0,0
05:01:40 PM,3,3,1,0,0,0
05:01:41 PM,3,3,1,0,0,0
05:01:42 PM,5,3,1,0,0,0
05:01:43 PM,4,3,1,0,0,0
05:01:44 PM,5,3,1,0,0,0
05:01:45 PM,4,3,1,0,0,0
05:01:46 PM,3,3,1,0,0,0
05:01:47 PM,4,3,1,0,0,0
05:01:48 PM,5,3,1,0,0,0
05:01:49 PM,3,3,1,0,0,0
05:01:50 PM,4,3,1,0,0,0
05:01:51 PM,3,3,1,0,0,0
05:01:52 PM,5,3,1,0,0,0
05:01:53 PM,3,3,1,0,0,0
05:01:54 PM,3,3,1,0,0,0
05:01:55 PM,3,3,1,0,0,0
05:01:56 PM,2,3,0,0,0,0
05:01:57 PM,5,3,1,0,0,0
05:01:58 PM,5,3,1,0,0,0
05:01:59 PM,4,3,1,0,0,0
05:02:00 PM,5,3,1,0,0,0
05:02:01 PM,4,3,1,0,0,0
05:02:02 PM,5,3,1,0,0,0
05:02:03 PM,4,3,1,0,0,0
05:02:04 PM,5,3,1,0,0,0
05:02:05 PM,4,3,1,0,0,0
05:02:06 PM,3,3,1,0,0,0
05:02:07 PM,4,3,1,0,0,0
05:02:08 PM,5,3,1,0,0,0
05:02:09 PM,4,3,1,0,0,0
05:02:10 PM,3,3,1,0,0,0
05:02:11 PM,5,3,1,0,0,0
05:02:12 PM,4,3,1,0,0,0
05:02:13 PM,3,3,1,0,0,0
05:02:14 PM,5,3,1,0,0,0
05:02:15 PM,4,3,1,0,0,0
05:02:16 PM,4,3,1,0,0,0
05:02:17 PM,4,3,1,0,0,0
05:02:18 PM,6,3,1,0,0,0
05:02:19 PM,4,3,1,0,0,0
05:02:20 PM,5,3,1,0,0,0
05:02:21 PM,4,3,1,0,0,0
05:02:22 PM,4,3,1,0,0,0
05:02:23 PM,4,3,1,0,0,0
05:02:24 PM,5,3,1,0,0,0
05:02:25 PM,5,3,1,0,0,0
05:02:26 PM,4,3,1,0,0,0
05:02:27 PM,4,3,1,0,0,0
05:02:28 PM,5,3,1,0,0,0
05:02:29 PM,5,3,1,0,0,0
05:02:30 PM,4,3,1,0,0,0
05:02:31 PM,6,3,1,0,0,0
05:02:32 PM,4,3,1,0,0,0
05:02:33 PM,4,3,1,0,0,0
05:02:34 PM,5,3,1,0,0,0
05:02:35 PM,4,3,1,0,0,0
05:02:36 PM,5,3,1,0,0,0
05:02:37 PM,3,3,1,0,0,0
05:02:38 PM,5,3,1,0,0,0
05:02:39 PM,4,3,1,0,0,0
05:02:40 PM,6,3,1,0,0,0
05:02:41 PM,3,3,1,0,0,0
05:02:42 PM,6,3,1,0,0,0
05:02:43 PM,3,3,1,0,0,0
05:02:44 PM,5,3,1,0,0,0
05:02:45 PM,4,3,1,0,0,0
05:02:46 PM,4,3,1,0,0,0
05:02:47 PM,4,3,1,0,0,0
05:02:48 PM,4,3,1,0,0,0
05:02:49 PM,3,3,0,0,0,1
05:02:50 PM,4,3,0,0,0,0
05:02:51 PM,5,3,1,0,0,0
05:02:52 PM,0,3,0,0,0,0
05:02:53 PM,0,3,0,0,0,0
05:02:54 PM,0,3,0,0,0,0
05:02:55 PM,0,3,0,0,0,0
05:02:56 PM,0,3,0,0,0,0
05:02:57 PM,0,3,0,0,0,0
05:02:58 PM,0,3,0,0,0,0
05:02:59 PM,0,3,0,0,0,0
05:03:00 PM,0,3,0,0,0,0
05:03:01 PM,0,3,0,0,0,0
05:03:02 PM,0,3,0,0,0,0
05:03:03 PM,0,3,0,0,0,0
05:03:04 PM,0,3,0,0,0,0
05:03:05 PM,0,3,0,0,0,0
05:03:06 PM,0,3,0,0,0,0
05:03:07 PM,0,3,0,0,0,0
05:03:08 PM,0,3,0,0,0,0
05:03:09 PM,0,3,0,0,0,0
05:03:10 PM,0,3,0,0,0,0
05:03:11 PM,0,3,0,0,0,0
05:03:12 PM,0,3,0,0,0,0
05:03:13 PM,0,3,0,0,0,0
05:03:14 PM,0,3,0,0,0,0
05:03:15 PM,0,3,0,0,0,0
05:03:16 PM,0,3,0,0,0,0
05:03:17 PM,0,3,0,0,0,0
05:03:18 PM,0,3,0,0,0,0
05:03:20 PM,0,3,0,0,0,0
05:03:21 PM,0,3,0,0,0,0
05:03:22 PM,0,3,0,0,0,0
05:03:23 PM,0,3,0,0,0,0
05:03:24 PM,0,3,0,0,0,0
05:03:25 PM,0,3,0,0,0,0
05:03:26 PM,0,3,0,0,0,0
05:03:27 PM,0,3,0,0,0,0
